1 22.8825 3.43026E+07 93.1981
2 22.3063 3.40396E+07 93.4874
3 22.6509 3.43434E+07 93.3057
4 22.5489 3.41441E+07 93.3653
5 22.7299 3.43189E+07 93.272
6 22.4543 3.43406E+07 93.4061
7 22.6973 3.41908E+07 93.2954
8 22.5138 3.42409E+07 93.3791
9 22.8265 3.42332E+07 93.2397
10 22.493 3.42757E+07 93.385
11 22.7841 3.43642E+07 93.2415
12 22.8048 3.43448E+07 93.2357
13 22.2565 3.40324E+07 93.5208
14 22.5442 3.38804E+07 93.3793
15 22.3336 3.42907E+07 93.4635
16 22.4579 3.44542E+07 93.3912
17 22.5015 3.41331E+07 93.3937
18 22.9704 3.42826E+07 93.1664
19 21.9756 3.3949E+07 93.6639
20 22.7242 3.42849E+07 93.2831
21 22.6037 3.42137E+07 93.3321
22 22.3225 3.40834E+07 93.4739
23 22.7458 3.43607E+07 93.2686
24 22.6253 3.41696E+07 93.3219
25 22.3858 3.40399E+07 93.4448
26 22.847 3.43414E+07 93.2076
27 22.4693 3.39036E+07 93.4195
28 22.7308 3.43769E+07 93.2744
29 22.6055 3.39975E+07 93.3495
30 22.8159 3.43629E+07 93.2275
31 22.8191 3.44121E+07 93.2202
32 22.5099 3.42353E+07 93.3852
33 22.7774 3.4365E+07 93.245
34 22.8639 3.43972E+07 93.2054
35 22.8236 3.43927E+07 93.2319
36 22.1162 3.41595E+07 93.5909
37 21.8697 3.37822E+07 93.7338
38 22.587 3.4148E+07 93.3438
39 22.8773 3.41888E+07 93.2098
40 22.6522 3.42342E+07 93.3115
41 22.7014 3.40124E+07 93.2994
42 22.9256 3.42566E+07 93.1951
43 22.6145 3.41327E+07 93.3284
44 22.5723 3.39309E+07 93.3773
45 22.6114 3.41863E+07 93.3445
46 22.8396 3.4411E+07 93.2203
47 22.4028 3.39112E+07 93.4581
48 22.7667 3.425E+07 93.2533
49 22.5946 3.42569E+07 93.3314
50 22.7286 3.43328E+07 93.2622
